<?xml version="1.0"?>
<opencv_storage>
<K>
  <Right type_id="opencv-matrix">
    <rows>3</rows>
    <cols>3</cols>
    <dt>d</dt>
    <data>
      1.6556723908117003e+03 0. 9.0407616845276470e+02 0.
      1.6550124078145755e+03 5.1096238596229159e+02 0. 0. 1.</data></Right>
  <Left type_id="opencv-matrix">
    <rows>3</rows>
    <cols>3</cols>
    <dt>d</dt>
    <data>
      1.6680862121865650e+03 0. 9.7528384227595382e+02 0.
      1.6678414776062159e+03 5.6894996286598473e+02 0. 0. 1.</data></Left></K>
<D>
  <Right type_id="opencv-matrix">
    <rows>5</rows>
    <cols>1</cols>
    <dt>d</dt>
    <data>
      -1.2610605134838726e-01 1.5356361152815443e-01
      1.0277683727292651e-03 2.3183896993153328e-04
      -6.7284613514526082e-02</data></Right>
  <Left type_id="opencv-matrix">
    <rows>5</rows>
    <cols>1</cols>
    <dt>d</dt>
    <data>
      -1.2696922273238467e-01 1.5417613193483451e-01
      -4.4112937376391545e-04 -4.4969568459154656e-05
      -6.4272121314958561e-02</data></Left></D>
<Rt_default>
  <R type_id="opencv-matrix">
    <rows>3</rows>
    <cols>3</cols>
    <dt>d</dt>
    <data>
      9.9997176819507239e-01 -6.4456550114930008e-03
      3.8621683408705584e-03 6.2976082367870792e-03
      9.9928833616398849e-01 3.7190877068219483e-02
      -4.0991393384903624e-03 -3.7165504679477684e-02
      9.9930071666070741e-01</data></R>
  <t type_id="opencv-matrix">
    <rows>3</rows>
    <cols>1</cols>
    <dt>d</dt>
    <data>
      -7.5462702967857069e+01 4.3544184576805928e-01
      -1.2669860696455582e+00</data></t></Rt_default>
<Rt_motor>
  <RightPitch>
    <R type_id="opencv-matrix">
      <rows>3</rows>
      <cols>3</cols>
      <dt>d</dt>
      <data>
        -9.7450860176019338e-03 1.2542179708887810e-02
        -9.9987385555711994e-01 1.2542179708887810e-02
        -9.9984114567912952e-01 -1.2664009443975183e-02
        -9.9987385555711994e-01 -1.2664009443975183e-02
        9.5862316967300736e-03</data></R>
    <t type_id="opencv-matrix">
      <rows>3</rows>
      <cols>1</cols>
      <dt>d</dt>
      <data>
        -2.0685028560464264e+01 1.4937882668079054e+00 0.</data></t></RightPitch>
  <RightRoll>
    <R type_id="opencv-matrix">
      <rows>3</rows>
      <cols>3</cols>
      <dt>d</dt>
      <data>
        9.9996163500044200e-01 1.3859101654000976e-05
        -8.7594711694375469e-03 1.3859101654000976e-05
        9.9999499349144094e-01 3.1643008672225395e-03
        8.7594711694375469e-03 -3.1643008672225395e-03
        9.9995662849188294e-01</data></R>
    <t type_id="opencv-matrix">
      <rows>3</rows>
      <cols>1</cols>
      <dt>d</dt>
      <data>
        2.6216708692123749e+00 -1.0282224229986703e+00 0.</data></t></RightRoll>
  <RightYaw>
    <R type_id="opencv-matrix">
      <rows>3</rows>
      <cols>3</cols>
      <dt>d</dt>
      <data>
        -9.9981470675550410e-01 -1.3607530962372627e-02
        -1.3615698899145337e-02 -1.3607530962372627e-02
        -6.9266207576124117e-04 9.9990717335178481e-01
        -1.3615698899145337e-02 9.9990717335178481e-01
        5.0736883126667465e-04</data></R>
    <t type_id="opencv-matrix">
      <rows>3</rows>
      <cols>1</cols>
      <dt>d</dt>
      <data>
        -1.4783061237232253e+00 3.0162912475073725e+01 0.</data></t></RightYaw>
  <LeftPitch>
    <R type_id="opencv-matrix">
      <rows>3</rows>
      <cols>3</cols>
      <dt>d</dt>
      <data>
        -6.5119252412548789e-04 9.0417394769785951e-04
        9.9999937920869175e-01 9.0417394769785951e-04
        9.9999918300149560e-01 -9.0358497861154773e-04
        -9.9999937920869175e-01 9.0358497861154773e-04
        -6.5200952262989276e-04</data></R>
    <t type_id="opencv-matrix">
      <rows>3</rows>
      <cols>1</cols>
      <dt>d</dt>
      <data>
        2.4979531615711089e+01 -1.5492928748423118e-01 0.</data></t></LeftPitch>
  <LeftRoll>
    <R type_id="opencv-matrix">
      <rows>3</rows>
      <cols>3</cols>
      <dt>d</dt>
      <data>
        9.9999980382138265e-01 -2.4670970613426721e-06
        6.2637936566980969e-04 -2.4670970613426721e-06
        9.9996897435617149e-01 7.8772024843805459e-03
        -6.2637936566980969e-04 -7.8772024843805459e-03
        9.9996877817755414e-01</data></R>
    <t type_id="opencv-matrix">
      <rows>3</rows>
      <cols>1</cols>
      <dt>d</dt>
      <data>
        -4.0856516280449329e-01 1.9186931991813223e-02 0.</data></t></LeftRoll>
  <LeftYaw>
    <R type_id="opencv-matrix">
      <rows>3</rows>
      <cols>3</cols>
      <dt>d</dt>
      <data>
        9.9999999998728428e-01 -3.4947122124523897e-06
        -3.6357282269435666e-06 -3.4947122124523931e-06
        3.9537777178049627e-02 -9.9921807637952864e-01
        3.6357282269435632e-06 9.9921807637952864e-01
        3.9537777165333861e-02</data></R>
    <t type_id="opencv-matrix">
      <rows>3</rows>
      <cols>1</cols>
      <dt>d</dt>
      <data>
        -1.6138746006064106e-01 -2.8912924184041177e+01 0.</data></t></LeftYaw></Rt_motor>
</opencv_storage>
