<?xml version="1.0"?>
<opencv_storage>
<K>
  <Right type_id="opencv-matrix">
    <rows>3</rows>
    <cols>3</cols>
    <dt>d</dt>
    <data>
      1.3137041982039289e+03 0. 1.0145683180574588e+03 0.
      1.3135364325971611e+03 7.5503811557464712e+02 0. 0. 1.</data></Right>
  <Left type_id="opencv-matrix">
    <rows>3</rows>
    <cols>3</cols>
    <dt>d</dt>
    <data>
      1.3185896175986061e+03 0. 1.0335107788323789e+03 0.
      1.3185481818596727e+03 7.9715792738274638e+02 0. 0. 1.</data></Left></K>
<D>
  <Right type_id="opencv-matrix">
    <rows>5</rows>
    <cols>1</cols>
    <dt>d</dt>
    <data>
      -1.1326415389443396e-01 1.0669344638621862e-01
      -1.7678604569527315e-04 -1.4551443649754527e-04
      -1.7481508774725298e-02</data></Right>
  <Left type_id="opencv-matrix">
    <rows>5</rows>
    <cols>1</cols>
    <dt>d</dt>
    <data>
      -1.1569763605352811e-01 1.1491502851809138e-01
      1.6443655866773207e-04 5.2851495651829534e-04
      -2.7168100448244272e-02</data></Left></D>
<Rt_default>
  <R type_id="opencv-matrix">
    <rows>3</rows>
    <cols>3</cols>
    <dt>d</dt>
    <data>
      9.9910857680285980e-01 1.7157359171585031e-02
      -3.8570413340036115e-02 -1.5856540015470110e-02
      9.9930341598002248e-01 3.3782435516049661e-02
      3.9123163186299291e-02 -3.3140727766835257e-02
      9.9868467008630046e-01</data></R>
  <t type_id="opencv-matrix">
    <rows>3</rows>
    <cols>1</cols>
    <dt>d</dt>
    <data>
      -7.8408510387120216e+01 2.4773027345067651e+00
      -2.4734372374381350e+00</data></t></Rt_default>
<Rt_motor>
  <RightPitch>
    <R type_id="opencv-matrix">
      <rows>3</rows>
      <cols>3</cols>
      <dt>d</dt>
      <data>
        7.7377371291742492e-04 -5.0340019179359735e-03
        -9.9998702996535471e-01 -5.0340019179359735e-03
        -9.9997467841786480e-01 5.0300445105396340e-03
        -9.9998702996535471e-01 5.0300445105396340e-03
        -7.9909529505258229e-04</data></R>
    <t type_id="opencv-matrix">
      <rows>3</rows>
      <cols>1</cols>
      <dt>d</dt>
      <data>
        -2.0633312693149950e+01 6.0415318926066364e-01 0.</data></t></RightPitch>
  <RightRoll>
    <R type_id="opencv-matrix">
      <rows>3</rows>
      <cols>3</cols>
      <dt>d</dt>
      <data>
        -9.9999545059324535e-01 2.6662193417772190e-06
        3.0164193515992009e-03 2.6662193417772190e-06
        -9.9999843743899852e-01 1.7677987594399709e-03
        3.0164193515992009e-03 1.7677987594399709e-03
        9.9999388803224254e-01</data></R>
    <t type_id="opencv-matrix">
      <rows>3</rows>
      <cols>1</cols>
      <dt>d</dt>
      <data>
        -1.6762499799876038e+00 6.0566671705278241e-01 0.</data></t></RightRoll>
  <RightYaw>
    <R type_id="opencv-matrix">
      <rows>3</rows>
      <cols>3</cols>
      <dt>d</dt>
      <data>
        9.9994811175195952e-01 -7.0884317884115271e-03
        -7.3162790044938560e-03 -7.0884317884115271e-03
        3.1652308248684036e-02 -9.9947380431770760e-01
        7.3162790044938560e-03 9.9947380431770760e-01
        3.1600420000643614e-02</data></R>
    <t type_id="opencv-matrix">
      <rows>3</rows>
      <cols>1</cols>
      <dt>d</dt>
      <data>
        8.8815485717431963e-01 -2.3532520452208836e+01 0.</data></t></RightYaw>
  <LeftPitch>
    <R type_id="opencv-matrix">
      <rows>3</rows>
      <cols>3</cols>
      <dt>d</dt>
      <data>
        -8.8289332136692877e-04 -2.2456176969418446e-03
        9.9999708884603378e-01 -2.2456176969418446e-03
        9.9999496164948520e-01 2.2436302734189614e-03
        -9.9999708884603378e-01 -2.2436302734189614e-03
        -8.8793167188172539e-04</data></R>
    <t type_id="opencv-matrix">
      <rows>3</rows>
      <cols>1</cols>
      <dt>d</dt>
      <data>
        2.5193762944745536e+01 -1.2756881233215189e-01 0.</data></t></LeftPitch>
  <LeftRoll>
    <R type_id="opencv-matrix">
      <rows>3</rows>
      <cols>3</cols>
      <dt>d</dt>
      <data>
        9.9999923265782864e-01 2.1239422946105096e-06
        1.2388217154662682e-03 2.1239422946105096e-06
        9.9999412109611674e-01 -3.4289602934342400e-03
        -1.2388217154662682e-03 3.4289602934342400e-03
        9.9999335375394538e-01</data></R>
    <t type_id="opencv-matrix">
      <rows>3</rows>
      <cols>1</cols>
      <dt>d</dt>
      <data>
        6.9279024894614760e-01 -3.7906787773012030e-01 0.</data></t></LeftRoll>
  <LeftYaw>
    <R type_id="opencv-matrix">
      <rows>3</rows>
      <cols>3</cols>
      <dt>d</dt>
      <data>
        -9.9999378568081143e-01 2.4191531122348645e-03
        2.5644293671322001e-03 2.4191531122348645e-03
        -5.8255361075201906e-02 9.9829878323286436e-01
        2.5644293671322001e-03 9.9829878323286436e-01
        5.8249146756013337e-02</data></R>
    <t type_id="opencv-matrix">
      <rows>3</rows>
      <cols>1</cols>
      <dt>d</dt>
      <data>
        2.8403699640245333e-01 2.3784277408966538e+01 0.</data></t></LeftYaw></Rt_motor>
</opencv_storage>
